[ 9.5        10.280979   11.061958   11.842937   12.62391599 13.40489499
 14.18587399 14.96685299 15.74783199 16.52881099 17.30978999 18.09076898
 18.87174798 19.65272698 20.43370598 21.21468498 21.99566398 22.77664297
 23.55762197 24.33860097 25.11957997 25.90055897 26.68153797 27.46251697
 28.24349596 29.02447496 29.80545396 30.58643296 31.36741196 32.14839096
 32.92936996 33.71034895 34.49132795 35.27230695 36.05328595 36.83426495
 37.61524395 38.39622294 39.17720194 39.95818094 40.73915994 41.52013894
 42.30111794 43.08209694 43.86307593 44.64405493 45.42503393 46.20601293
 46.98699193 47.76797093 48.54894993 49.32992892 50.11090792 50.89188692
 51.67286592 52.45384492 53.23482392 54.01580291 54.79678191 55.57776091
 56.35873991 57.13971891 57.92069791 58.70167691 59.4826559  60.2636349
 61.0446139  61.8255929  62.6065719  63.3875509  64.1685299  64.94950889
 65.73048789 66.51146689 67.29244589 68.07342489 68.85440389 69.63538288
 70.41636188 71.19734088 71.97831988 72.75929888 73.54027788 74.32125688
 75.10223587 75.88321487 76.66419387 77.44517287]


[  4150.58101866   4258.17976361   4365.80747708   4473.40622203
   4580.99531081   4688.60371193   4796.21211306   4854.87336905
   4794.18431655   4733.4759517    4672.76758686   4612.06887818
   4551.39913803   5074.06851492   5682.45574686   6277.3050231
   6879.57024083   7501.00296362   8122.4356864    8990.39052698
  15176.29239311  27565.29618499  37323.31126288  41630.03962488
  43331.44417588  46128.52390779  60064.3079392   89159.31563988
 116928.99417052 130627.23270473 134540.70614551 134775.82432202
 134033.05211893 133055.39348751 132250.07824655 131820.05985753
 130600.46579088 118332.28728804  98817.71038644  67680.68505217
  42231.5094153   39133.68935658  39102.6652771   39082.28471521
  34806.60095207  26305.79798001  17455.53566313   9558.55979493
   7068.36775149   6405.78041586   5771.6111998    5123.27637674
   4464.13629516   3796.91399609   3124.63186194   2460.62506875
   1796.64724409   1331.15207243   1288.25934829   1247.33648362
   1235.32420338   1260.30472507   1284.33894172   1305.20593336
   1326.04395648   1346.88197959   1369.0911794    1390.44097973
   1410.53547746   1430.64928754   1450.77275379   1470.85759535
   1490.98106161   1511.07555934   1531.17971325   1551.28386716
   1571.39767724   1591.51148732   1611.63495357   1631.69082661
   1650.01824453   1668.20081985   1686.44133221   1704.6335637
   1722.85476371   1741.05665137   1759.27785138   1777.4604267 ]